02 90 00 00 00 00 02
03 70 01 00 d3
03 70 01 00 d3
03 70 01 00 d3
03 70 01 00 d3
03 70 01 00 d3
03 70 01 00 d3
03 70 01 00 d3
03 70 01 00 d3
03 70 01 00 d3
03 70 01 00 d3
03 70 01 00 d3
03 70 01 00 d3
03 70 01 00 d3
03 70 01 00 d3
03 70 01 00 d3
03 70 01 00 d3
03 70 01 00 d3
03 70 01 00 d3
03 70 01 00 d3
03 70 01 00 d3
03 70 01 00 d3
03 70 01 00 d3
03 70 01 00 d3
03 70 01 00 d3
03 70 01 00 d3
03 70 01 00 d3
03 70 01 00 d3
03 70 01 00 d3
03 70 01 00 d3
03 70 01 00 d3
03 70 01 00 d3
03 70 01 00 d3
03 70 01 00 d3
03 70 01 00 d3
03 70 01 00 d3
03 70 01 00 d3
03 70 01 00 d3
03 70 01 00 d3
03 70 01 00 d3
03 70 01 00 d3
03 70 01 00 d3
03 70 01 00 d3

01 00 00 00 01
01 00 00 00 01
01 00 00 00 01
01 00 00 00 01
01 00 00 00 01
01 00 00 00 01
01 00 00 00 01
01 00 00 00 01
01 00 00 00 01
01 00 00 00 01
01 00 00 00 01
01 00 00 00 01
01 00 00 00 01
01 00 00 00 01
01 00 00 00 01
01 00 00 00 01
01 00 00 00 01
01 00 00 00 01
01 00 00 00 01
01 00 00 00 01
01 00 00 00 01
01 00 00 00 01
01 00 00 00 01
01 00 00 00 01
01 00 00 00 01
01 00 00 00 01
01 00 00 00 01
01 00 00 00 01
01 00 00 00 01
01 00 00 00 01
01 00 00 00 01
01 00 00 00 01
01 00 00 00 01
01 00 00 00 01
01 00 00 00 01
01 00 00 00 01
01 00 00 00 01
01 00 00 00 01
01 00 00 00 01
01 00 00 00 01
01 00 00 00 01
01 00 00 00 01
09 ff 2e
