01 00 00 00 2a
02 90 00 00 00 00 05
02 90 00 00 00 00 05
09 01 19

0b 68 01 00 82 00 01
02 90 00 00 09 00 0a
02 90 00 00 00 01 05
02 90 00 00 00 00 0b
02 90 00 00 00 04 03

01 00 00 00 2a
0c 00 45
01 00 00 02 e6
05 54 03 05 03
09 01 74
02 90 00 00 00 00 0b
0c 00 d4
01 00 00 00 2a
0b 68 0a fe 02 00 00
0b 68 0a fe 6c 00 00
0b 68 0a fe d1 00 00
0b 68 0a ff 36 00 00
02 90 00 00 00 00 0b
09 ff b9

02 90 00 00 01 70 02
02 90 00 00 00 00 03
02 90 00 00 00 04 04

01 00 00 00 01
0b 64 0a fe 02 02
0b 64 0a fe 02 03
04 54 04 05 04
04 54 03 04 03
05 54 02 04 02
09 ff cb
02 90 00 00 00 00 0b
09 ff d6
09 01 25

09 00 00
09 00 00
09 00 00
09 00 00
09 00 00
09 00 00
09 00 00
09 00 00
09 00 00
09 00 00
09 00 00
09 00 00
09 00 00
09 00 00
09 00 00
09 00 00
09 00 00
09 00 00

05 54 06 04 06
04 54 06 06 0b
0a 94 ff c0 06 07
0b 64 07 fe 02 0b
01 00 00 00 01
02 90 00 00 00 00 0a
0b 64 07 ff 06 06
09 ff 40

09 01 78

0b 68 01 01 4d 00 02
0a a4 01 46 00 03 02
0b 68 02 fe c6 ff fc
0a a4 01 38 ff ff 02
0b 68 02 fe b8 ff f8

0b 68 01 ff c5 00 01
0b 68 01 00 23 00 01
02 90 00 00 00 00 02
02 90 00 00 00 08 03
02 90 00 00 00 01 04
02 90 00 00 00 00 06

01 00 00 00 01
05 54 03 04 03
09 00 fd
0c 00 20
03 50 05 02
08 54 0a 0a 0a
04 54 0a 0a 0a
04 54 06 06 06
02 90 00 00 00 00 0a
09 ff d6
04 54 02 04 02
04 54 06 06 06
04 54 06 04 06
02 90 00 00 00 00 0a
09 ff bd

01 00 00 00 2a
02 90 00 00 00 09 03
0b 68 03 fe fd ff fa
02 90 00 00 00 02 03
0b 68 03 fe ef ff f0
02 90 00 00 00 00 03
09 00 bd

0b 68 01 00 4d 00 01
0b 68 01 00 4b 00 01
0b 68 01 00 49 00 01
0b 68 01 00 47 00 01
0b 68 01 00 45 00 01
0b 68 01 00 43 00 01
0b 68 01 00 41 00 01
0b 68 01 00 3f 00 01
0b 68 01 00 3d 00 01
0b 68 01 00 3b 00 01
0b 68 01 00 39 00 01

01 00 00 00 01
01 00 00 00 01
01 00 00 00 01
01 00 00 00 01
01 00 00 00 01
01 00 00 00 01
01 00 00 00 01
01 00 00 00 01
01 00 00 00 01
01 00 00 00 01
01 00 00 00 01

09 ff c9

09 ff 79

01 00 00 00 00
02 90 00 00 00 01 01

0b 68 01 01 08 00 01
07 54 02 02 02
09 00 b6
05 54 02 04 02
09 fe 6a
02 90 00 00 00 00 02
09 ff 4c

09 00 f6

02 90 00 00 00 09 03
0b 68 03 01 31 ff fa
02 90 00 00 00 02 03
0b 68 03 01 23 ff f0
02 90 00 00 00 00 03
09 ff 23

09 00 00
09 00 00
09 00 00
09 00 00
09 00 00
09 00 00
09 00 00
09 00 00
09 00 00
09 00 00
09 00 00
09 00 00
09 00 00
09 00 00
09 00 00
09 00 00
09 00 00
09 00 00
09 00 00
09 00 00
09 00 00
09 00 00
09 00 00
09 00 00
09 00 00
09 00 00
09 00 00
09 00 00
09 00 00
09 00 00
09 00 00
09 00 00
09 00 00
09 00 00
09 00 00
09 00 00
09 00 00
09 00 00
09 00 00
09 00 00

02 90 00 00 00 0a 08
05 54 06 08 06
06 64 06 80 00 00 00 08
09 00 0f
02 90 00 00 00 76 08
04 54 06 08 06
04 54 06 06 06
02 90 00 00 01 10 08
02 90 00 00 00 1d 09
0a 94 ff 52 06 07
0b 54 07 08 06
0b 54 07 09 06
01 00 00 00 01
02 90 00 00 00 00 0a
09 00 ba

02 90 00 00 01 a9 02
02 90 00 00 00 00 03
02 90 00 00 00 04 04

01 00 00 00 2a
0b 64 0a 00 2b 02
0b 64 0a 00 25 03
04 54 04 05 04
04 54 03 04 03
05 54 02 04 02

09 ff cb
02 90 00 00 00 00 0b
09 ff d6
09 fe 98

01 00 00 02 79
